==============================================================================
EMBEDDINGS
==============================================================================
corpus_version: cv9acda551423c5c0e
chunker: C3
chunk_size: 500
chunk_overlap: 100
embed_model: sentence-transformers/all-MiniLM-L6-v2
embed_dim: 384
documents: 5
vectors: 5
dimensions: 384

==============================================================================
chunk_id     : S1_groww_c0001
source_id    : S1_groww
scheme_id    : S1
section_title: Scheme identity
dim          : 384
l2_norm      : 1.000000
chars        : 694

vector:
  [  0] +0.025139 -0.067616 -0.074111 +0.003953 +0.151324 -0.002930 +0.031296 +0.025237
  [  8] -0.069434 +0.028682 -0.009988 -0.075735 -0.085046 -0.044854 -0.086381 -0.009365
  [ 16] -0.059545 -0.022485 +0.004740 -0.001203 +0.006320 -0.056279 -0.006857 +0.029284
  [ 24] +0.073510 -0.038519 -0.041825 +0.062113 -0.071144 -0.043480 +0.047641 +0.071855
  [ 32] +0.057875 -0.095093 +0.043368 +0.093470 -0.046570 -0.013092 +0.043547 -0.057609
  [ 40] +0.002086 -0.024592 +0.003232 -0.045779 +0.049241 -0.008010 -0.035859 +0.079637
  [ 48] -0.017172 -0.035643 -0.008904 +0.008455 +0.026230 -0.038127 -0.030439 +0.052477
  [ 56] -0.062223 -0.082567 +0.026768 -0.004751 -0.072318 -0.009786 +0.078584 -0.047432
  [ 64] +0.014593 -0.008614 +0.003682 +0.044840 -0.002540 -0.012679 -0.041356 -0.043952
  [ 72] -0.114678 -0.001290 -0.001980 -0.001960 -0.021705 +0.063820 +0.075812 -0.074432
  [ 80] -0.046495 +0.043490 +0.071712 -0.014809 -0.019168 +0.010162 +0.036349 -0.077698
  [ 88] -0.004117 -0.006344 +0.064122 +0.042014 +0.010515 +0.074670 -0.017145 -0.056331
  [ 96] -0.069376 -0.049528 -0.036790 +0.046680 +0.024796 +0.025979 +0.011547 -0.064285
  [104] -0.023260 -0.043219 +0.013960 +0.113094 +0.105135 -0.048553 +0.019335 +0.073590
  [112] -0.017619 -0.000600 -0.000784 +0.054829 -0.028239 -0.068121 +0.006608 +0.011597
  [120] +0.091255 +0.042520 -0.079131 -0.038550 -0.082128 -0.038590 -0.022681 +0.000000
  [128] -0.063393 +0.069267 +0.051359 -0.006874 -0.102951 -0.011453 +0.016400 +0.026218
  [136] -0.097217 +0.034303 -0.022382 +0.077146 -0.049249 -0.039162 -0.057779 -0.146769
  [144] +0.053517 +0.129008 +0.019969 -0.036858 +0.013324 +0.049138 +0.025523 -0.069705
  [152] +0.114130 +0.015615 +0.003120 -0.014007 +0.055450 +0.060416 +0.001184 -0.002730
  [160] -0.066880 -0.062044 -0.073496 -0.045027 +0.012357 -0.068549 -0.062915 +0.004022
  [168] +0.011988 +0.093957 +0.020392 -0.036318 -0.059980 +0.023355 +0.080514 +0.076432
  [176] +0.007497 +0.066056 -0.059008 -0.093695 -0.014078 -0.011611 +0.012527 -0.024628
  [184] -0.052483 +0.017174 +0.031291 +0.028362 +0.014321 -0.065081 -0.122711 +0.033163
  [192] -0.062997 +0.072338 +0.036059 -0.019575 +0.011955 +0.026594 +0.026927 +0.043391
  [200] +0.029695 +0.074190 +0.002769 -0.107747 +0.007387 +0.158575 -0.003074 +0.037967
  [208] -0.000436 +0.048575 -0.000736 -0.028861 +0.032074 -0.000800 +0.040879 -0.015201
  [216] -0.057429 -0.050181 +0.043824 -0.042379 +0.070935 -0.017447 -0.053940 -0.000000
  [224] +0.032488 +0.000162 -0.002521 -0.027237 +0.016127 +0.042669 +0.022234 +0.058913
  [232] +0.016888 -0.023962 +0.047884 -0.015083 -0.043512 -0.053132 -0.015098 -0.122480
  [240] +0.042791 -0.024106 -0.079759 +0.007709 +0.022527 +0.035413 +0.001737 +0.080718
  [248] -0.025115 +0.030207 -0.043287 +0.079929 -0.029415 +0.070832 -0.025881 +0.000035
  [256] -0.109168 +0.042159 +0.006274 -0.058533 -0.013050 +0.065965 -0.036430 +0.057635
  [264] +0.032104 -0.012969 +0.006606 -0.048822 +0.000483 -0.048710 +0.028053 +0.040876
  [272] +0.094742 +0.026760 -0.023750 -0.065215 +0.023168 -0.005307 -0.104823 +0.035224
  [280] +0.082544 +0.033672 -0.097847 -0.044626 +0.021920 +0.040033 -0.040964 +0.105988
  [288] +0.013494 -0.036456 -0.017674 -0.104025 +0.032552 -0.058467 +0.066839 -0.064058
  [296] +0.059652 +0.014373 -0.003705 +0.040833 +0.022648 -0.005142 +0.058608 +0.025456
  [304] +0.016963 +0.004099 +0.061231 +0.092798 +0.001656 -0.050579 +0.001314 -0.066654
  [312] -0.041856 +0.052163 -0.031045 -0.092787 +0.025477 +0.073918 +0.026924 -0.000000
  [320] +0.020697 -0.007478 +0.008252 +0.004596 -0.007511 -0.032977 +0.019914 -0.022512
  [328] -0.027473 +0.012980 +0.024810 +0.113661 -0.030027 -0.064431 -0.035789 -0.057674
  [336] -0.060907 +0.073068 -0.043777 -0.024234 +0.006945 +0.002778 +0.013476 -0.023390
  [344] +0.040641 -0.050508 +0.008864 +0.058440 +0.021616 -0.021887 +0.050217 -0.032181
  [352] +0.017829 +0.020227 +0.008631 +0.092514 -0.053903 +0.051904 +0.043269 +0.065316
  [360] +0.022639 -0.010601 +0.056053 -0.040372 -0.040332 -0.015059 -0.074459 +0.023026
  [368] +0.071583 -0.090402 +0.011626 -0.012899 -0.036624 +0.004422 -0.026065 +0.060851
  [376] -0.036715 +0.057850 -0.033790 +0.031899 +0.110106 -0.090921 -0.013275 +0.069199

==============================================================================
chunk_id     : S2_groww_c0001
source_id    : S2_groww
scheme_id    : S2
section_title: Scheme identity
dim          : 384
l2_norm      : 1.000000
chars        : 736

vector:
  [  0] +0.014403 -0.055896 -0.114796 +0.009103 +0.127566 -0.016581 +0.012353 +0.033064
  [  8] -0.013789 +0.019857 +0.022312 -0.082488 -0.076776 -0.050036 -0.044446 +0.021516
  [ 16] -0.054162 -0.009028 -0.033553 +0.011825 +0.003571 -0.070673 -0.026622 -0.000988
  [ 24] +0.048783 -0.038887 -0.026834 +0.101735 -0.039868 -0.033965 +0.088746 +0.087551
  [ 32] +0.040814 -0.116103 +0.050377 +0.091494 -0.040372 -0.009913 +0.035851 -0.051985
  [ 40] -0.020119 -0.051601 +0.021330 -0.062800 +0.083089 -0.018821 -0.034079 +0.089449
  [ 48] +0.003702 -0.036489 -0.023863 +0.016649 +0.022185 -0.038107 -0.079799 +0.062471
  [ 56] -0.062073 -0.046735 +0.025341 -0.016776 -0.030891 -0.029323 +0.110279 -0.022706
  [ 64] -0.015324 +0.001402 -0.002979 +0.039242 +0.003932 -0.021168 -0.024253 -0.047240
  [ 72] -0.093677 -0.029981 +0.008016 +0.014269 +0.006110 +0.071301 +0.091358 -0.096013
  [ 80] -0.032832 +0.041866 +0.064576 +0.001965 +0.005736 +0.010437 +0.054566 -0.054511
  [ 88] +0.006155 +0.027400 +0.044007 +0.050709 +0.015090 +0.068613 -0.015761 -0.052901
  [ 96] -0.072609 -0.070473 -0.078772 +0.071235 -0.003792 +0.030344 +0.013188 -0.019279
  [104] -0.039269 -0.062566 +0.014873 +0.094887 +0.096216 -0.047709 +0.012775 +0.087047
  [112] -0.008764 -0.001038 -0.000290 +0.055691 -0.039136 -0.059320 +0.048650 +0.030673
  [120] +0.076091 +0.079894 -0.085210 +0.002794 -0.076607 -0.051764 -0.019896 +0.000000
  [128] -0.074901 +0.073384 +0.072047 -0.004643 -0.096687 -0.028976 +0.035050 -0.003452
  [136] -0.098809 +0.014413 -0.007246 +0.067426 -0.038934 -0.024579 -0.029422 -0.125700
  [144] +0.048522 +0.117295 +0.059498 -0.036566 -0.003410 +0.036035 +0.031351 -0.087170
  [152] +0.114766 +0.024345 +0.013118 -0.028193 +0.014470 +0.062633 +0.018152 -0.018459
  [160] -0.067195 -0.076471 -0.054908 -0.036033 +0.007444 -0.078045 -0.061307 +0.019697
  [168] +0.002229 +0.092339 +0.034442 -0.063428 -0.068531 +0.015315 +0.081460 +0.086496
  [176] +0.060013 +0.055429 -0.083896 -0.063735 -0.017836 -0.028627 -0.014157 -0.035788
  [184] -0.074000 +0.003133 +0.021657 -0.001904 -0.016108 -0.068297 -0.119346 +0.022172
  [192] -0.082707 +0.092287 +0.030125 -0.047227 +0.033454 +0.033135 +0.002647 +0.037775
  [200] +0.063758 +0.046261 +0.012837 -0.093590 +0.007608 +0.101804 -0.008784 +0.050270
  [208] -0.023282 +0.068652 -0.014968 -0.029513 +0.041567 +0.016529 +0.010489 -0.015087
  [216] -0.036576 -0.067748 +0.028430 -0.088509 +0.046372 -0.009682 -0.052392 -0.000000
  [224] +0.006001 -0.005404 -0.008363 -0.029136 +0.037029 +0.032798 +0.029317 +0.027313
  [232] +0.004426 -0.004713 +0.040653 -0.007058 -0.070971 -0.056219 -0.020142 -0.083893
  [240] +0.016007 -0.038568 -0.033162 +0.007995 +0.029383 +0.073297 +0.038198 +0.079908
  [248] -0.000962 +0.044774 -0.011942 +0.085170 -0.020257 +0.048863 -0.013202 -0.013401
  [256] -0.110755 +0.037332 +0.016249 -0.084608 -0.036582 +0.036116 -0.040197 +0.060366
  [264] +0.026747 -0.002508 +0.025334 -0.008093 -0.005166 -0.054900 +0.057688 +0.029805
  [272] +0.092487 -0.003345 -0.026142 -0.049420 -0.005525 +0.011450 -0.089202 +0.031803
  [280] +0.088505 +0.024097 -0.112014 -0.047694 +0.025231 +0.033151 -0.036563 +0.087332
  [288] +0.018138 -0.020921 -0.041748 -0.106458 +0.008711 -0.047850 +0.074407 -0.026708
  [296] +0.088835 -0.019360 +0.011565 +0.050392 +0.009720 -0.045162 +0.058688 +0.029329
  [304] -0.024146 +0.000008 +0.047930 +0.092711 -0.018110 -0.058422 -0.007718 -0.018510
  [312] -0.025324 +0.044992 -0.033399 -0.048990 +0.051695 +0.076777 +0.025607 -0.000000
  [320] -0.002072 -0.016076 -0.007226 +0.015707 -0.025229 -0.034991 +0.022712 -0.063826
  [328] -0.025651 -0.010339 +0.012955 +0.081075 -0.043919 -0.058905 -0.059789 -0.060974
  [336] -0.040967 +0.077291 -0.037533 -0.090485 +0.028580 +0.012509 +0.019543 -0.041679
  [344] +0.036854 -0.057233 +0.008607 +0.020433 +0.041547 -0.006991 +0.025653 -0.039081
  [352] +0.075897 +0.021680 -0.009312 +0.076280 -0.024025 +0.043660 +0.021200 +0.056313
  [360] +0.024326 -0.009122 +0.071084 -0.047423 -0.018516 -0.002014 -0.066372 +0.011027
  [368] +0.072046 -0.117216 -0.003471 -0.049162 -0.053164 +0.036420 +0.003409 +0.061597
  [376] -0.056734 +0.039183 -0.016284 +0.035607 +0.093344 -0.089563 -0.032778 +0.032669

==============================================================================
chunk_id     : S3_groww_c0001
source_id    : S3_groww
scheme_id    : S3
section_title: Scheme identity
dim          : 384
l2_norm      : 1.000000
chars        : 726

vector:
  [  0] -0.001346 -0.037767 -0.091168 -0.033009 +0.147290 +0.004227 -0.000356 -0.014259
  [  8] -0.008580 +0.020195 -0.008715 -0.084421 -0.031277 -0.112628 -0.026660 +0.001278
  [ 16] -0.047238 +0.000393 -0.028854 +0.002502 +0.040838 -0.057116 -0.035682 +0.041468
  [ 24] +0.088518 -0.065109 +0.001086 +0.087644 -0.027385 -0.047385 +0.087031 +0.054889
  [ 32] -0.000444 -0.126696 +0.050167 +0.071783 -0.054927 +0.015559 -0.006320 -0.015413
  [ 40] -0.016900 -0.054064 +0.004121 -0.086196 +0.054845 -0.015257 -0.069715 +0.050688
  [ 48] +0.007258 -0.023732 -0.006965 -0.010390 -0.005106 -0.034854 -0.077030 -0.005508
  [ 56] -0.056495 -0.002456 +0.019097 -0.033847 -0.031323 -0.030284 +0.127125 -0.035184
  [ 64] -0.011387 +0.020697 +0.003694 +0.005896 -0.028024 -0.000930 -0.055999 -0.052620
  [ 72] -0.089922 +0.006926 +0.024394 +0.046434 +0.047516 +0.051642 +0.055399 -0.116236
  [ 80] -0.019456 +0.098606 +0.034930 +0.027466 -0.016259 -0.016551 +0.037763 -0.059043
  [ 88] -0.001661 +0.010309 +0.048176 +0.023496 -0.006023 +0.029140 +0.011335 -0.066651
  [ 96] -0.028679 -0.075739 -0.042891 +0.056706 +0.042466 +0.063398 +0.032869 -0.024201
  [104] -0.041288 -0.001605 +0.021175 +0.101585 +0.022042 -0.049891 +0.020109 +0.099273
  [112] +0.002908 -0.015495 +0.003306 +0.067561 -0.021787 -0.092629 +0.061098 +0.026786
  [120] +0.111311 +0.054124 -0.044731 -0.016971 -0.066287 -0.060044 +0.000952 +0.000000
  [128] -0.093265 +0.081265 +0.066571 -0.017432 -0.102683 -0.040742 +0.052050 +0.019452
  [136] -0.107533 +0.012244 -0.054380 +0.064011 -0.004030 -0.028534 -0.030699 -0.090477
  [144] +0.008747 +0.099049 -0.003902 -0.037148 +0.031912 -0.000441 +0.020608 -0.077611
  [152] +0.072717 +0.013063 +0.020344 -0.043150 -0.045188 +0.050495 +0.023269 -0.005817
  [160] -0.021143 -0.057705 -0.076416 -0.005995 +0.043464 -0.062256 -0.031965 +0.006802
  [168] +0.004876 +0.113993 +0.082391 -0.037562 -0.082634 +0.018436 +0.074287 +0.082194
  [176] +0.049847 +0.061878 -0.041058 -0.124713 +0.000631 -0.034184 +0.007307 -0.009202
  [184] -0.080847 -0.027311 -0.002448 -0.019412 +0.027455 -0.061744 -0.096014 +0.014734
  [192] -0.048944 +0.063332 +0.028315 -0.066241 +0.032807 -0.014956 -0.036853 +0.055972
  [200] +0.046234 +0.035793 +0.054955 -0.097441 -0.019508 +0.094428 -0.023461 +0.047931
  [208] -0.037369 +0.065024 -0.034746 -0.067782 +0.039759 -0.002745 +0.033063 +0.001593
  [216] -0.045453 -0.068413 +0.039461 -0.063282 +0.058329 -0.000166 -0.074068 -0.000000
  [224] +0.034737 +0.002434 +0.026937 -0.000559 +0.040369 +0.021422 +0.081812 +0.020544
  [232] -0.006052 +0.020342 +0.071486 -0.022629 -0.023139 -0.094022 +0.012385 -0.093163
  [240] -0.011313 -0.057413 -0.042958 +0.010086 +0.056566 +0.081427 +0.031241 +0.069478
  [248] -0.031150 +0.047542 -0.044109 +0.081749 -0.022550 +0.049128 -0.037590 -0.020566
  [256] -0.090783 +0.043601 +0.031067 -0.064260 -0.005457 +0.040511 -0.058564 +0.031294
  [264] +0.010534 +0.035212 +0.002535 +0.008135 +0.043808 -0.026556 +0.055712 +0.082229
  [272] +0.112868 +0.032267 -0.017957 -0.071333 -0.022028 +0.041298 -0.065275 +0.056814
  [280] +0.080034 +0.017126 -0.121207 -0.025746 +0.008727 +0.060888 -0.020375 +0.058714
  [288] +0.037211 -0.005354 -0.052212 -0.073386 +0.056732 -0.035649 +0.008400 -0.030980
  [296] +0.067723 -0.060230 +0.052767 +0.038950 -0.017265 -0.038919 +0.043556 +0.008837
  [304] +0.009924 +0.006580 +0.056981 +0.107058 +0.010641 -0.030989 -0.037430 -0.041061
  [312] -0.004421 +0.016827 -0.040742 -0.042519 +0.042584 +0.086219 +0.037956 -0.000000
  [320] +0.018781 +0.033874 -0.050156 +0.031479 -0.064206 -0.064672 +0.008760 -0.031027
  [328] -0.014485 -0.010264 +0.042622 +0.066337 -0.034443 -0.075001 -0.034644 -0.067850
  [336] -0.020626 +0.097355 -0.036849 -0.074002 +0.046194 -0.022230 +0.001975 -0.040168
  [344] +0.082696 -0.022528 +0.001091 +0.009615 +0.071321 +0.000403 +0.041551 -0.034781
  [352] +0.028158 +0.051332 -0.000358 +0.068338 -0.088086 +0.071730 +0.078027 +0.060128
  [360] +0.018085 -0.023094 +0.012550 -0.058286 -0.019275 +0.012464 -0.074055 -0.011030
  [368] +0.009732 -0.102573 -0.016667 -0.096531 -0.023876 +0.026473 +0.028598 +0.016187
  [376] -0.053147 +0.033784 +0.031709 -0.002728 +0.099585 -0.054467 -0.015345 +0.047150

==============================================================================
chunk_id     : S4_groww_c0001
source_id    : S4_groww
scheme_id    : S4
section_title: Scheme identity
dim          : 384
l2_norm      : 1.000000
chars        : 707

vector:
  [  0] +0.049564 -0.035513 -0.061762 +0.015922 +0.146527 +0.027659 +0.011629 +0.029534
  [  8] -0.067668 +0.051270 +0.023834 -0.093497 -0.054393 -0.032369 -0.103563 -0.000932
  [ 16] -0.073403 -0.035351 -0.008004 +0.005822 -0.019335 -0.068106 -0.022258 +0.036805
  [ 24] +0.096223 -0.026973 -0.036892 +0.052121 -0.060437 -0.055909 +0.050911 +0.081318
  [ 32] +0.040363 -0.091879 +0.058145 +0.089148 -0.008554 -0.000054 +0.042215 -0.041547
  [ 40] -0.009506 -0.032866 -0.000851 -0.038670 +0.034523 -0.002081 -0.057190 +0.069427
  [ 48] -0.017141 -0.039946 +0.015784 +0.031247 +0.020995 -0.032873 -0.055670 +0.081652
  [ 56] -0.055944 -0.079445 +0.026941 +0.010236 -0.027248 -0.025632 +0.075611 -0.041331
  [ 64] -0.005503 +0.014059 -0.008412 +0.023083 -0.020050 -0.023104 -0.012772 -0.031899
  [ 72] -0.127019 +0.029136 +0.005653 -0.020129 -0.009000 +0.036903 +0.077737 -0.051736
  [ 80] -0.085744 +0.041635 +0.043778 -0.012566 -0.030356 +0.002946 +0.034743 -0.107438
  [ 88] +0.002712 -0.003864 +0.070016 +0.052166 -0.003567 +0.049002 +0.014245 -0.067405
  [ 96] -0.052481 -0.066936 -0.016497 +0.051286 +0.048804 +0.009792 +0.001934 -0.064246
  [104] +0.004854 -0.018290 +0.053882 +0.082157 +0.070851 -0.029914 +0.016162 +0.086811
  [112] -0.001958 +0.008639 -0.022527 +0.077308 -0.044298 -0.085172 -0.012409 +0.001470
  [120] +0.080277 +0.051502 -0.058149 -0.047101 -0.063720 -0.046246 -0.029951 +0.000000
  [128] -0.028207 +0.065099 +0.038637 +0.000646 -0.085003 -0.011647 +0.029391 +0.009052
  [136] -0.112037 +0.033175 -0.031231 +0.079821 -0.061396 -0.048887 -0.040620 -0.120497
  [144] +0.059834 +0.115347 +0.029939 -0.027201 -0.026218 +0.084865 +0.023759 -0.062047
  [152] +0.097086 +0.027436 +0.009229 -0.039600 +0.061673 +0.073489 -0.015460 +0.021495
  [160] -0.046956 -0.096175 -0.074297 -0.021806 +0.009354 -0.068925 -0.078939 +0.004937
  [168] +0.042645 +0.102182 +0.014144 -0.053324 -0.064359 +0.008186 +0.100627 +0.065921
  [176] +0.003260 +0.076284 -0.069773 -0.106534 -0.024206 -0.009487 +0.007522 -0.031563
  [184] -0.080982 -0.006163 +0.041484 +0.002930 +0.027334 -0.068496 -0.129821 +0.033572
  [192] -0.038952 +0.049549 +0.068468 -0.057291 -0.002857 +0.008966 +0.017998 +0.028787
  [200] +0.030036 +0.065493 +0.036574 -0.112205 +0.025955 +0.141949 -0.010381 +0.018457
  [208] +0.023393 +0.073372 -0.005419 -0.025009 +0.035520 -0.019001 +0.045925 -0.016075
  [216] -0.064282 -0.061991 +0.020669 -0.051897 +0.056450 -0.009076 -0.063806 -0.000000
  [224] +0.008132 -0.009138 +0.012855 +0.008544 +0.017509 +0.067708 +0.072660 +0.071826
  [232] +0.019963 -0.012380 +0.040570 -0.013741 -0.046156 -0.068506 -0.013142 -0.083124
  [240] +0.053636 -0.059916 -0.050806 +0.031617 +0.020992 +0.046314 -0.006783 +0.073093
  [248] -0.004128 +0.056546 -0.038356 +0.066787 -0.049471 +0.049268 -0.037104 -0.007080
  [256] -0.109433 +0.041444 -0.003114 -0.079502 -0.016293 +0.075757 -0.051277 +0.050250
  [264] +0.009864 +0.005081 +0.026635 -0.037190 -0.005762 -0.070282 +0.049222 +0.017709
  [272] +0.074227 +0.033422 -0.007632 -0.091155 +0.019655 +0.009342 -0.082557 +0.039208
  [280] +0.088405 +0.031020 -0.097083 -0.021935 +0.015114 +0.036437 -0.028107 +0.095417
  [288] +0.016677 +0.003447 -0.037938 -0.087455 +0.004279 -0.065248 +0.073282 -0.041655
  [296] +0.095061 -0.004837 +0.020299 +0.040065 -0.007228 -0.035141 +0.038379 +0.035556
  [304] -0.005888 +0.012913 +0.030287 +0.066548 -0.006468 -0.061981 +0.011742 -0.030537
  [312] -0.060148 +0.078684 -0.049265 -0.061115 +0.037275 +0.093826 +0.039694 -0.000000
  [320] +0.000581 +0.008095 +0.019456 +0.009259 -0.018924 -0.040808 +0.017386 -0.024127
  [328] -0.017002 -0.009131 +0.019134 +0.099029 -0.036784 -0.046377 -0.026589 -0.047664
  [336] -0.071582 +0.049912 -0.050748 -0.029610 +0.018980 +0.027250 +0.008326 -0.042870
  [344] +0.029392 -0.057336 +0.029658 +0.069585 +0.004301 -0.053697 +0.045325 +0.006368
  [352] +0.008296 +0.012552 -0.026236 +0.096143 -0.047072 +0.053847 +0.037644 +0.056688
  [360] +0.008478 +0.002768 +0.032239 -0.050703 -0.058010 -0.018771 -0.084765 +0.014600
  [368] +0.075632 -0.085305 -0.006106 -0.020496 -0.046599 +0.004646 -0.019074 +0.066434
  [376] +0.001571 +0.043248 -0.027135 -0.000552 +0.080145 -0.096583 -0.027045 +0.075025

==============================================================================
chunk_id     : S5_groww_c0001
source_id    : S5_groww
scheme_id    : S5
section_title: Scheme identity
dim          : 384
l2_norm      : 1.000000
chars        : 830

vector:
  [  0] -0.011866 -0.051468 -0.085685 +0.018774 +0.145709 -0.002423 -0.015686 +0.037374
  [  8] -0.075339 +0.032720 -0.015096 -0.079685 -0.025422 -0.068285 -0.060622 +0.029039
  [ 16] -0.034595 -0.026095 -0.018889 +0.015204 -0.017779 -0.049638 -0.032469 +0.011047
  [ 24] +0.071838 -0.002792 -0.025040 +0.063733 -0.026552 -0.024001 +0.080170 +0.074465
  [ 32] +0.069027 -0.088620 +0.005662 +0.098558 -0.067642 -0.032807 +0.006643 -0.059008
  [ 40] -0.003209 -0.055801 +0.017074 -0.054783 +0.037323 -0.031763 -0.070686 +0.068671
  [ 48] +0.011291 -0.035735 -0.028149 +0.010412 -0.005637 -0.015711 -0.061465 +0.069100
  [ 56] -0.021835 -0.066319 +0.008380 -0.027177 -0.046454 -0.033593 +0.079263 -0.049090
  [ 64] -0.009356 -0.033228 +0.008999 +0.054102 +0.030415 -0.004508 -0.033588 -0.007469
  [ 72] -0.064116 -0.032574 +0.031729 +0.037833 +0.019158 +0.050715 +0.102486 -0.091412
  [ 80] -0.038485 +0.051375 +0.059776 -0.008607 +0.011955 +0.006500 +0.033629 -0.075215
  [ 88] +0.003151 -0.019571 +0.074080 +0.048163 -0.027007 +0.013275 +0.005787 -0.067631
  [ 96] -0.099804 -0.069707 -0.079472 +0.017450 +0.025739 +0.012881 +0.019068 -0.035551
  [104] -0.026732 -0.047842 +0.051006 +0.071153 +0.081922 -0.056761 +0.003382 +0.081699
  [112] +0.017454 -0.007006 -0.018108 +0.064150 -0.052617 -0.098103 -0.026761 +0.013171
  [120] +0.080187 +0.022407 -0.069396 -0.024932 -0.045601 -0.065485 -0.015645 +0.000000
  [128] -0.039259 +0.071152 +0.035522 -0.007554 -0.080865 -0.028976 +0.022107 +0.005196
  [136] -0.084064 +0.015834 -0.004763 +0.092892 -0.038764 -0.065293 -0.000856 -0.129231
  [144] +0.021373 +0.127019 +0.041212 -0.031518 -0.006194 +0.037805 +0.019524 -0.084661
  [152] +0.097134 +0.018295 +0.002242 -0.020057 -0.021143 +0.074122 +0.011912 -0.039008
  [160] -0.101622 -0.072712 -0.080596 -0.039875 -0.012759 -0.051614 -0.071837 +0.040716
  [168] +0.001067 +0.098617 +0.020854 -0.019942 -0.040020 -0.017091 +0.084512 +0.069407
  [176] +0.009056 +0.087207 -0.082310 -0.099793 -0.015339 -0.040827 +0.018997 +0.005774
  [184] -0.036585 +0.009698 +0.021483 +0.024007 +0.001467 -0.077933 -0.135732 +0.017595
  [192] -0.056575 +0.059285 +0.048411 -0.063406 +0.043659 +0.005110 +0.036502 +0.021587
  [200] +0.038675 +0.077000 +0.003650 -0.060360 +0.024376 +0.159992 +0.030737 +0.060558
  [208] -0.020968 +0.107364 +0.004155 -0.052655 +0.053609 +0.003737 +0.046356 -0.057232
  [216] -0.072584 -0.054322 +0.060381 -0.084078 +0.059673 -0.012582 -0.037277 -0.000000
  [224] +0.002520 +0.011341 -0.028099 -0.006783 +0.021176 +0.046434 +0.032864 +0.063903
  [232] -0.026016 -0.043861 +0.078697 +0.000825 -0.059269 -0.041485 +0.026151 -0.083522
  [240] +0.062964 -0.029071 -0.049971 +0.040250 +0.061745 +0.052306 +0.012180 +0.085164
  [248] -0.008731 +0.036911 -0.019961 +0.063022 -0.008621 +0.056748 -0.036370 -0.018829
  [256] -0.090332 +0.039196 +0.015247 -0.081680 -0.007841 +0.060974 -0.049512 +0.068362
  [264] +0.021303 +0.016595 +0.030216 -0.039262 -0.032602 -0.055328 +0.046762 +0.005571
  [272] +0.089534 -0.015716 +0.013814 -0.095732 -0.010042 +0.014933 -0.078504 +0.029995
  [280] +0.125765 +0.072831 -0.081650 -0.044426 +0.025113 +0.069538 -0.044395 +0.061915
  [288] +0.011932 +0.067959 +0.005971 -0.090416 +0.034981 -0.077671 +0.008015 -0.034190
  [296] +0.079366 -0.009451 -0.004506 +0.043024 +0.013964 -0.008053 +0.067048 +0.019950
  [304] -0.050430 -0.006536 +0.010964 +0.052182 -0.029988 -0.068156 -0.016364 -0.077375
  [312] -0.015283 +0.029977 -0.040043 -0.006607 -0.009934 +0.069068 +0.076464 -0.000000
  [320] -0.013225 -0.010594 -0.009247 +0.026916 +0.003677 -0.060593 +0.000609 -0.056730
  [328] +0.003968 +0.040821 +0.034799 +0.078163 +0.026464 -0.083440 -0.039650 -0.061282
  [336] -0.042272 +0.069190 -0.038124 -0.030830 +0.038729 +0.018383 +0.048565 -0.043345
  [344] +0.038703 -0.063428 +0.011217 -0.029580 +0.023612 -0.045415 +0.067840 -0.000514
  [352] +0.021147 +0.058606 -0.006817 +0.088584 -0.021537 +0.036383 +0.036009 +0.113448
  [360] +0.019033 +0.036302 +0.037261 -0.029706 +0.000577 +0.040470 -0.040202 -0.001169
  [368] +0.050088 -0.101966 -0.017689 -0.044139 -0.022407 -0.012869 +0.016701 +0.031034
  [376] -0.000698 +0.023751 -0.005364 +0.050084 +0.073245 -0.093910 -0.031451 +0.054053
